2
2
3
3
3
3
5
5
6
6
6
6
7
7
9
9
11
12
12
13
13
13
14
14
16
17
18
18
19
19
19
20
20
21
21
21
21
22
22
22
22
22
23
24
24
25
25
25
26
27
27
27
28
28
29
29
30
30
30
31
31
33
33
34
34
35
35
36
36
37
37
37
38
38
38
38
40
40
42
42
43
43
43
45
45
46
46
49
49
50
50
50
50
51
51
51
53
53
53
54
55
55
56
56
57
59
59
60
61
61
61
62
62
65
66
66
66
67
67
67
67
68
69
69
71
71
73
73
73
73
74
74
74
74
75
75
76
76
76
76
77
77
78
78
78
79
79
79
80
80
80
80
81
81
81
82
83
83
83
85
86
86
86
89
89
89
89
90
90
90
91
91
92
92
92
94
94
94
94
95
95
96
96
96
96
98
99
99
100
101
101
102
102
102
102
103
103
103
103
104
104
105
105
105
106
106
107
108
108
109
109
109
109
111
111
111
111
112
113
113
114
114
114
114
115
115
116
118
118
118
118
119
119
119
119
120
120
120
121
121
123
123
124
125
126
127
128
128
128
129
130
130
130
130
132
133
133
133
136
136
137
137
137
137
137
137
138
138
138
138
139
141
141
141
141
142
142
142
143
143
143
143
143
143
144
144
145
146
147
147
147
147
148
148
149
149
149
150
150
150
150
151
152
152
152
152
156
157
157
158
158
158
158
159
159
160
160
161
161
163
163
163
163
164
164
164
165
165
166
166
166
166
168
168
168
168
169
169
169
170
170
170
170
171
173
173
173
174
174
174
175
175
175
176
176
176
176
177
178
178
178
179
180
180
180
180
181
181
181
182
182
183
185
185
185
186
186
187
187
187
187
187
187
187
187
189
189
189
189
189
189
190
190
190
191
191
192
192
192
193
193
194
194
195
195
195
195
196
196
196
198
198
199
199
200
200
200
200
200
