1517667588
1517828610
1518062400
1518175184
1518344617
1518391293
1518445736
1518478546
1518613028
1518679436
1518853694
1518981764
1519053289
1519070237
1519073133
1519186294
1519262581
1519266744
1519292435
1519316301
1519375414
1519395342
1519473525
1519502906
1519629137
1519649166
1519674535
1519688743
1519742330
1519805483
1519831557
1519845314
1519848217
1519870582
1519892882
1519897735
1519903467
1519920035
1519945380
1519953035
1519996019
1519996052
1519996395
1520041659
1520089691
1520152315
1520202389
1520211807
1520230382
1520233203
1520234908
1520257292
1520272987
1520307678
1520365683
1520367673
1520406875
1520445467
1520506099
1520519614
1520554008
1520554344
1520561413
1520564982
1520578143
1520586197
1520598274
1520622485
1520668455
1520695081
1520715356
1520769217
1520776914
1520780755
1520852587
1520889934
1520891009
1520911633
1520923388
1520926809
1520961994
1521009662
1521010370
1521010429
1521015386
1521020336
1521094805
1521096916
1521106841
1521108202
1521132423
1521176499
1521201262
1521253040
1521264649
1521276497
1521296665
1521301204
1521324106
1521327478
1521341202
1521354701
1521356969
1521396253
1521444084
1521467987
1521495986
1521499313
1521500571
1521500699
1521504905
1521512340
1521512625
1521548625
1521577074
1521584764
1521605039
1521607966
1521612766
1521620914
1521620977
1521632608
1521663121
1521680076
1521729910
1521765103
1521776434
1521802335
1521822005
1521855832
1521868753
1521875821
1521879201
1521883579
1521887301
1521899597
1521909995
1521927143
1521934244
1521959157
1521969793
1522049437
1522142028
1522158482
1522164915
1522223552
1522256474
1522262350
1522275613
1522289030
1522307029
1522345102
1522362175
1522371274
1522443353
1522469738
1522490495
1522528487
1522529083
1522538949
1522563677
1522611660
1522613711
1522703747
1522714390
1522733008
1522776318
1522799751
1522801090
1522804458
1522835739
1522883217
1522898194
1522915686
1522917376
1522932953
1522945260
1522962431
1523010615
1523076879
1523078596
1523083508
1523126826
1523134798
1523161675
1523177922
1523196906
1523198282
1523237577
1523267085
1523401174
1523502248
1523520463
1523566748
1523630232
1523657748
1523684549
1523698176
1523731026
1523731311
1523750093
1523762855
1523804419
1523805617
1523820757
1523837396
1523890788
1523895320
1523905972
1523907888
1523985813
1523986140
1524014576
1524042180
1524048911
1524076075
1524104549
1524117258
1524131193
1524225424
1524226059
1524254724
1524263366
1524303181
1524310669
1524324563
1524325245
1524411560
1524434543
1524456907
1524463378
1524468843
1524481895
1524482579
1524507269
1524558259
1524561391
1524570093
1524632475
1524638310
1524676385
1524689653
1524709427
1524732615
1524769484
1524776878
1524788396
1524829551
1524835234
1524914995
1524915575
1524918492
1524927876
1524991828
1525021075
1525025424
1525030130
1525036136
1525051843
1525069364
1525094784
1525101530
1525106375
1525157804
1525178337
1525214099
1525218201
1525245124
1525255571
1525263189
1525279701
1525302335
1525329532
1525360196
1525379376
1525381946
1525385988
1525400026
1525427245
1525443826
1525487609
1525505385
1525519899
1525539044
1525612119
1525619124
1525645946
1525649318
1525656636
1525688762
1525742877
1525750438
1525758811
1525761025
1525776342
1525806833
1525816068
1525821887
1525830811
1525843213
1525860757
1525871795
1525889249
1525904262
1525908818
1525926831
1525944539
1525952906
1525973052
1525986392
1525988024
1525999227
1526003367
1526010923
1526015530
1526032754
1526051249
1526057829
1526093619
1526132548
1526132565
1526145886
1526156781
1526171763
1526173531
1526184376
1526186718
1526198564
1526202775
1526204508
1526207441
1526208889
1526223252
1526224538
1526237863
1526267222
1526282980
1526299370
1526310306
1526311770
1526313989
1526319833
1526321225
1526322291
1526325293
1526351340
1526352676
1526358617
1526361736
1526366639
1526368035
1526373020
1526400073
1526434528
1526439173
1526439748
1526457953
1526475811
1526491541
1526510868
1526514111
1526518288
1526535885
1526537344
1526540579
1526552391
1526553071
1526567980
1526577444
1526587957
1526613469
1526620502
1526644300
1526669184
1526673282
1526692205
1526693380
1526697784
1526706113
1526713101
1526715037
1526715129
1526735637
1526745041
1526748301
1526769399
1526780111
1526787341
1526805589
1526824750
1526832601
1526848500
1526853005
1526862179
1526869791
1526883252
1526884198
1526907517
1526908824
1526939501
1526941900
1526945426
1526955679
1526965221
1526975389
1526981653
1526991999
1527002612
1527018081
1527035315
1527035759
1527038932
1527044719
1527055989
1527073734
1527073747
1527075663
1527089597
1527100753
1527108164
1527108412
1527137477
1527192962
1527194399
1527206467
1527230942
1527253126
1527254359
1527255313
1527267374
1527270666
1527271945
1527339538
1527345637
1527381629
1527386587
1527390730
1527404544
1527410995
1527411276
1527413909
1527421463
1527437158
1527442218
1527443807
1527447867
1527473970
1527481852
1527482868
1527487294
1527492011
1527512110
1527516925
1527517472
1527536013
1527540175
1527541948
1527569115
1527603823
1527604064
1527608678
1527627057
1527632613
1527636063
1527657910
1527661797
1527666997
1527700564
1527703694
1527709453
1527717674
1527730159
1527732222
1527736935
1527737778
1527740430
1527769367
1527769941
1527783218
1527792703
1527807709
1527819054
1527842506
1527847856
1527867321
1527869366
1527887619
1527887792
1527898041
1527900644
1527903264
1527903451
1527916113
1527948814
1527955226
1527963563
1527975383
1527978965
1527979100
1527996294
1527997575
1527998436
1527998870
1528003296
1528028140
1528028605
1528040396
1528043846
1528049440
1528051297
1528060170
1528063483
1528065275
1528066689
1528071097
1528086621
1528095646
1528100482
1528107753
1528113357
1528114927
1528125197
1528133521
1528135144
1528148226
1528152953
1528156088
1528161580
1528167705
1528174953
1528179337
1528180728
1528187449
1528193511
1528195114
1528207593
1528221350
1528223236
1528223625
1528228610
1528240169
1528244072
1528253833
1528256269
1528258264
1528258626
1528259176
1528260089
1528262586
1528264018
1528264697
1528266826
1528276835
1528282352
1528296204
1528297235
1528302536
1528307097
1528310597
1528314061
1528316989
1528331681
1528334494
1528345019
1528360191
1528367582
1528370474
1528372870
1528376280
1528381773
1528389610
1528390277
1528393639
1528402536
1528405631
1528410581
1528418403
1528427689
1528435349
1528435566
1528438856
1528439164
1528443299
1528471486
1528491717
1528500984
1528517840
1528528206
1528543850
1528545197
1528548942
1528557165
1528558041
1528563813
1528570718
1528576702
1528591292
1528593274
1528595462
1528597168
1528604327
1528605246
1528610017
1528617458
1528620357
1528624184
1528630816
1528647143
1528649923
1528662494
1528667437
1528669180
1528675089
1528675437
1528676161
1528687362
1528689389
1528689729
1528692084
1528710211
1528710674
1528715577
1528718901
1528725263
1528737490
1528737641
1528737858
1528745042
1528745916
1528746050
1528752155
1528752232
1528759416
1528766716
1528768013
1528777062
1528795027
1528796748
1528799640
1528799814
1528801546
1528802429
1528812996
1528828925
1528840968
1528854574
1528855453
1528864816
1528866603
1528866621
1528868086
1528868456
1528877735
1528882800
1528884335
1528886018
1528897565
1528909838
1528925252
1528925494
1528929519
1528930190
1528936604
1528954831
1528962106
1528965513
1528966344
1528968475
1528974537
1528974865
1528976822
1528977183
1528980070
1528980843
1528987275
1528987957
1528988403
1529009544
1529019598
1529024491
1529029946
1529033994
1529038421
1529039233
1529039921
1529054290
1529058511
1529059989
1529062342
1529074986
1529085466
1529092357
1529094796
1529094966
1529097557
1529098481
1529103693
1529105275
1529106817
1529107174
1529121480
1529125614
1529130752
1529134065
1529134666
1529159725
1529167106
1529173657
1529174204
1529183721
1529193397
1529202792
1529204184
1529204966
1529205872
1529207884
1529222472
1529230223
1529230356
1529236048
1529242972
1529263193
1529270181
1529284144
1529284750
1529290078
1529291568
1529294071
1529294073
1529299054
1529305202
1529313765
1529316476
1529328658
1529328939
1529330203
1529331304
1529335306
1529342914
1529350066
1529350340
1529352184
1529361044
1529367623
1529374800
1529377229
1529377786
1529378875
1529378885
1529380193
1529383517
1529388580
1529401810
1529402751
1529411437
1529412738
1529413257
1529416328
1529420070
1529423537
1529425157
1529437180
1529438255
1529443100
1529448268
1529448336
1529451315
1529453086
1529457583
1529461811
1529465228
1529469035
1529470189
1529471595
1529477332
1529483723
1529483825
1529484196
1529488253
1529489351
1529491484
1529492641
1529495622
1529497838
1529509022
1529510550
1529512595
1529528573
1529531582
1529535924
1529552792
1529558306
1529561511
1529567171
1529572993
1529576105
1529589906
1529594222
1529601653
1529611626
1529615373
1529639955
1529642119
1529642563
1529651774
1529653597
1529668104
1529671321
1529694236
1529696000
1529705470
1529705509
1529709245
1529712820
1529718686
1529726463
1529726617
1529730453
1529734876
1529738760
1529739460
1529745220
1529751625
1529754884
1529758691
1529760014
1529766048
1529774740
1529775927
1529778081
1529779044
1529781738
1529783360
1529783395
1529787227
1529787328
1529788813
1529790379
1529791198
1529802768
1529808490
1529808494
1529817059
1529817716
1529817991
1529828480
1529830096
1529834606
1529835415
1529840103
1529857107
1529865165
1529869895
1529874610
1529887753
1529890514
1529891605
1529898429
1529924904
1529925088
1529928041
1529931976
1529932718
1529935036
1529936017
1529936522
1529941308
1529947942
1529956059
1529963563
1529969712
1529977020
1529982467
1529982912
1529986142
1529989789
1529994425
1529995299
1529995750
1529998877
1530011273
1530011549
1530026195
1530032711
1530034873
1530036100
1530050145
1530052113
1530055203
1530060211
1530062477
1530069004
1530093199
1530100354
1530102335
1530113928
1530115117
1530120752
1530137619
1530139441
1530146191
1530147631
1530151023
1530153812
1530156569
1530157446
1530160976
1530164276
1530170728
1530183747
1530184694
1530191415
1530194671
1530202562
1530213033
1530216527
1530220932
1530221453
1530221883
1530224900
1530227683
1530229248
1530232206
1530240114
1530240612
1530248732
1530250137
1530250269
1530252855
1530278008
1530280770
1530283944
1530286227
1530287882
1530289360
1530290591
1530290945
1530294831
1530299610
1530316025
1530319919
1530329719
1530332165
1530333136
1530356748
1530369204
1530369783
1530371784
1530382694
1530404298
1530407251
1530418972
1530429248
1530429733
1530433636
1530433996
1530436051
1530442800
1530444401
1530444975
1530455043
1530462634
1530470582
1530475083
1530480635
1530483514
1530485580
1530490079
1530491020
1530491337
1530493162
1530499315
1530502750
1530507756
1530532472
1530534243
1530536338
1530539514
1530552732
1530555298
1530561275
1530561977
1530564201
1530575126
1530576647
1530578713
1530582884
1530585017
1530587845
1530595941
1530604034
1530606247
1530607927
1530610652
1530616003
1530645817
1530649527
1530656658
1530660197
1530670962
1530674151
1530675033
1530684466
1530686309
1530694985
1530699178
1530717115
1530717750
1530721372
1530728841
1530736671
1530739731
1530741352
1530742354
1530750061
1530752772
1530752912
1530756364
1530757655
1530769869
1530770150
1530779745
1530786900
1530788827
1530801765
1530806171
1530810301
1530831701
1530834642
1530836801
1530837159
1530838762
1530854224
1530863912
1530868010
1530875632
1530878617
1530887087
1530903250
1530904960
1530905810
1530906559
1530915045
1530917283
1530917769
1530919890
1530937805
1530941984
1530942948
1530955922
1530961210
1530968687
1530969690
1530973573
1530992732
1530992843
1531001921
1531002764
1531011960
1531026657
1531029273
1531044119
1531045967
1531047163
1531048053
1531050645
1531052600
1531052917
1531057851
1531063621
1531065091
1531074934
1531083880
1531086263
1531089234
1531095938
1531100909
1531102057
1531105288
1531121670
1531122481
1531122899
1531124900
1531127137
1531127952
1531134389
1531136345
1531141892
1531143695
1531144378
1531144421
1531145128
1531158227
1531160039
1531167410
1531168313
1531169406
1531171909
1531172860
1531172992
1531178468
1531187788
1531198661
1531213245
1531221728
1531221906
1531225980
1531234094
1531235246
1531239105
1531244302
1531247458
1531250903
1531254322
1531255177
1531264259
1531265643
1531269041
1531277203
1531278304
1531281516
1531285902
1531295722
1531296601
1531309137
1531314889
1531315928
1531319563
1531322206
1531326175
1531332881
1531345693
1531349057
1531350852
1531355058
1531356739
1531365250
1531366328
1531368785
1531369522
1531370666
1531373050
1531375316
1531375560
1531378351
1531379240
1531385067
1531385760
1531387155
1531389708
1531403185
1531404043
1531411980
1531413942
1531422749
1531423859
1531425866
1531426444
1531429089
1531436511
1531443543
1531460604
1531466680
1531467960
1531483768
1531484718
1531490787
1531493685
1531502085
1531504197
1531504964
1531513819
1531533368
1531534143
1531536879
1531538817
1531545425
1531559107
1531564998
1531565482
1531568482
1531579359
1531582483
1531590763
1531595610
1531598683
1531600945
1531603518
1531614806
1531615024
1531617032
1531623096
1531637413
1531649273
1531650157
1531653577
1531659317
1531660712
1531661336
1531661683
1531667131
1531678103
1531683083
1531683284
1531685620
1531689288
1531694389
1531696558
1531711674
1531712031
1531721350
1531732903
1531741994
1531750878
1531754095
1531754295
1531761253
1531764232
1531767820
1531771493
1531772590
1531786697
1531795779
1531805452
1531806881
1531808225
1531818486
1531818768
1531822917
1531836715
1531838718
1531839540
1531857679
1531860861
1531873873
1531876701
1531882135
1531886566
1531893818
1531894229
1531899516
1531899767
1531904551
1531908975
1531909777
1531910687
1531912437
1531913009
1531914348
1531926039
1531928678
1531934199
1531941058
1531949645
1531953450
1531960456
1531965384
1531975906
1531980586
1531981497
1531992478
1531993063
1531995120
1532010998
1532014096
1532023355
1532024815
1532028368
1532028582
1532030912
1532031084
1532032462
1532034072
1532044060
1532045950
1532046980
1532053311
1532053899
1532059808
1532070835
1532090552
1532097015
1532098392
1532099803
1532101054
1532109536
1532114292
1532114332
1532114610
1532116472
1532120083
1532122342
1532126698
1532128323
1532129400
1532132649
1532142601
1532144200
1532144752
1532146483
1532153006
1532187977
1532221990
1532223637
1532224199
1532225265
1532225686
1532232303
1532236429
1532244376
1532246961
1532248009
1532254132
1532258632
1532259706
1532265506
1532270986
1532286532
1532293281
1532297094
1532303398
1532311177
1532313170
1532320327
1532324851
1532330483
1532331783
1532338876
1532339918
1532342084
1532346252
1532352263
1532365800
1532370892
1532377818
1532385543
1532396634
1532407171
1532411491
1532421515
1532425617
1532430375
1532435963
1532444299
1532446608
1532449760
1532455711
1532455957
1532464018
1532470358
1532471090
1532477305
1532477875
1532485279
1532493202
1532497267
1532499476
1532499630
1532504605
1532514956
1532519717
1532532053
1532534813
1532545367
1532562542
1532575718
1532576737
1532579794
1532615034
1532617614
1532624067
1532629836
1532637764
1532646036
1532650053
1532652042
1532660393
1532664454
1532664465
1532678434
1532682230
1532693173
1532709547
1532710420
1532715549
1532719000
1532720845
1532725401
1532727609
1532729476
1532738436
1532740372
1532742242
1532744174
1532761892
1532766762
1532768536
1532774523
1532784671
1532785901
1532790752
1532792457
1532793434
1532800231
1532804843
1532805422
1532810055
1532817318
1532818198
1532819096
1532821551
1532823031
1532823281
1532830576
1532834873
1532847935
1532849338
1532850513
1532851903
1532852463
1532860905
1532861586
1532864402
1532864872
1532871612
1532872341
1532877132
1532877671
1532880127
1532885045
1532896013
1532901100
1532904559
1532911657
1532912217
1532923502
1532925680
1532929556
1532930289
1532932405
1532932473
1532936863
1532940030
1532941659
1532941842
1532944420
1532947645
1532956181
1532959278
1532960332
1532974807
1532976859
1532986434
1532987605
1532990306
1532999875
1533005413
1533010834
1533031620
1533032848
1533039663
1533040054
1533042925
1533045191
1533051191
1533055733
1533057548
1533059837
1533061687
1533063413
1533067502
1533072504
1533075829
1533075940
1533084370
1533086454
1533086846
1533089154
1533091308
1533093604
1533094557
1533111773
1533114471
1533116929
1533130417
1533130976
1533132001
1533140545
1533147903
1533166678
1533173525
1533175254
1533201034
1533203966
1533208595
1533208753
1533214101
1533215752
1533217914
1533240015
1533241590
1533242251
1533253545
1533259158
1533259667
1533272063
1533282054
1533309255
1533318643
1533323878
1533324154
1533325746
1533329722
1533332833
1533335200
1533339631
1533341204
1533342022
1533345338
1533349856
1533352144
1533354826
1533359445
1533360052
1533360743
1533362827
1533387453
1533388886
1533390567
1533397246
1533401736
1533409468
1533417164
1533419648
1533421307
1533424935
1533430894
1533436533
1533440670
1533445833
1533449325
1533454482
1533458394
1533459956
1533467671
1533469079
1533469998
1533470658
1533477630
1533481201
1533482384
1533482839
1533493321
1533493502
1533516701
1533517884
1533519297
1533541879
1533546847
1533548412
1533559791
1533566065
1533566545
1533568179
1533574227
1533579452
1533582837
1533586422
1533587189
1533590388
1533591256
1533591681
1533598724
1533601050
1533601726
1533605845
1533612906
1533631613
1533632015
1533639591
1533651105
1533652823
1533662194
1533664055
1533666183
1533667957
1533681894
1533685465
1533685817
1533695475
1533695543
1533707625
1533716314
1533724381
1533725442
1533731409
1533748259
1533748510
1533755516
1533757176
1533762043
1533762178
1533762472
1533763447
1533775932
1533778227
1533785219
1533794644
1533795431
1533796443
1533798255
1533799359
1533802186
1533805217
1533813042
1533816389
1533833164
1533839141
1533855425
1533861933
1533869462
1533871583
1533872624
1533878503
1533879502
1533883525
1533889282
1533891714
1533898347
1533898667
1533915929
1533923449
1533925254
1533927536
1533954607
1533956623
1533964055
1533965445
1533965453
1533966630
1533967711
1533969636
1533970737
1533976588
1533978831
1533986800
1533989942
1533990741
1534001839
1534005176
1534009258
1534009943
1534012641
1534014171
1534016123
1534019084
1534019477
1534024212
1534025402
1534041713
1534043440
1534067823
1534068132
1534075473
1534082071
1534093911
1534099901
1534100190
1534103234
1534105205
1534117132
1534124588
1534125478
1534139207
1534149678
1534152714
1534154219
1534156060
1534163733
1534174875
1534174919
1534175622
1534186243
1534186964
1534190441
1534195106
1534222392
1534223768
1534228002
1534230022
1534230819
1534236804
1534237781
1534243478
1534244423
1534252691
1534254550
1534255193
1534258878
1534262634
1534265065
1534265263
1534271546
1534273435
1534285590
1534288013
1534289393
1534300580
1534304908
1534315539
1534328605
1534332955
1534349839
1534352012
1534355433
1534358808
1534369540
1534375061
1534383996
1534384331
1534386468
1534389030
1534390210
1534402978
1534404921
1534407974
1534408986
1534413184
1534413790
1534414014
1534417275
1534423254
1534429077
1534431622
1534450259
1534456765
1534457624
1534459591
1534471712
1534472019
1534484016
1534485419
1534490624
1534497196
1534500684
1534502355
1534505185
1534512993
1534513265
1534519310
1534525058
1534526410
1534526716
1534532340
1534538354
1534545242
1534547159
1534549092
1534549769
1534553109
1534554358
1534561539
1534565295
1534570730
1534578001
1534579696
1534606426
1534617661
1534626088
1534627465
1534631024
1534633794
1534642979
1534655963
1534660908
1534662059
1534667496
1534679641
1534681155
1534687174
1534689897
1534691197
1534705358
1534712146
1534719543
1534722958
1534728597
1534729425
1534729819
1534732415
1534733772
1534736270
1534742921
1534745204
1534747863
1534749118
1534780365
1534783640
1534788116
1534790255
1534791384
1534793137
1534796752
1534805362
1534807348
1534812822
1534819660
1534820389
1534822715
1534826725
1534832190
1534832393
1534833311
1534834043
1534834337
1534834540
1534835594
1534836540
1534842651
1534843976
1534847833
1534849030
1534862995
1534865217
1534865447
1534872054
1534874325
1534874447
1534878286
1534878946
1534880674
1534882877
1534886076
1534891407
1534891577
1534892822
1534896901
1534903054
1534908182
1534910099
1534918529
1534919978
1534932026
1534954008
1534956786
1534963654
1534965018
1534975442
1535005100
1535005360
1535006785
1535007579
1535008730
1535010025
1535010139
1535015847
1535031439
1535038357
1535043145
1535047733
1535058217
1535060371
1535068181
1535078866
1535102579
1535105956
1535111708
1535116005
1535117319
1535121533
1535123732
1535125060
1535137638
1535146706
1535160417
1535169223
1535172491
1535172865
1535173879
1535185795
1535190101
1535191070
1535193369
1535202624
1535215866
1535226025
1535232489
1535233458
1535236169
1535243938
1535245722
1535246679
1535247822
1535252245
1535257751
1535260437
1535262254
1535262983
1535267936
1535272909
1535273970
1535281431
1535295262
1535308801
1535318277
1535324958
1535334816
1535361007
1535363605
1535365238
1535367065
1535372495
1535379383
1535400055
1535405240
1535411532
1535411859
1535412104
1535412623
1535420057
1535445075
1535449336
1535451420
1535452891
1535460488
1535462299
1535472918
1535482051
1535484840
1535485510
1535490218
1535505435
1535510813
1535514475
1535518417
1535518936
1535525845
1535531733
1535536801
1535541027
1535556700
1535581851
1535588674
1535592831
1535593928
1535595905
1535613380
1535615598
1535616785
1535618512
1535621925
1535623298
1535624216
1535631990
1535635809
1535640740
1535661406
1535675257
1535676768
1535679977
1535684675
1535685849
1535689295
1535689972
1535698836
1535702267
1535703534
1535711298
1535714859
1535717290
1535728114
1535733559
1535746460
1535752682
1535760412
1535774108
1535780378
1535792433
1535795140
1535804561
1535805024
1535807836
1535812196
1535818490
1535821928
1535833231
1535836696
1535840363
1535841875
1535842837
1535845285
1535845826
1535846999
1535847755
1535850088
1535852050
1535857173
1535871892
1535879183
1535880162
1535892986
1535896512
1535904768
1535905516
1535906527
1535918938
1535923605
1535924299
1535924907
1535925222
1535931879
1535948123
1535978037
1535978140
1535982714
1535989549
1535994525
1536000391
1536004125
1536006465
1536012942
1536046738
1536046957
1536052189
1536054644
1536055305
1536061472
1536072828
1536078249
1536110691
1536112175
1536117283
1536123818
1536124448
1536124826
1536127149
1536139216
1536147623
1536153268
1536155175
1536157457
1536159562
1536163975
1536169168
1536179518
1536184408
1536184755
1536187731
1536189294
1536189963
1536200291
1536207958
1536215974
1536216070
1536221930
1536230298
1536251844
1536267977
1536276909
1536277200
1536281543
1536284427
1536290846
1536295564
1536298922
1536299333
1536302758
1536303044
1536313662
1536326489
1536339619
1536342932
1536370728
1536378924
1536379754
1536383784
1536394518
1536394781
1536395251
1536397541
1536398416
1536401968
1536404845
1536411261
1536415369
1536427107
1536434276
1536434391
1536436440
1536454198
1536454944
1536456702
1536458542
1536460818
1536462499
1536462712
1536466844
1536489386
1536495123
1536496084
1536503680
1536506641
1536527972
1536535909
1536540920
1536547989
1536566221
1536567869
1536582575
1536583142
1536587435
1536587621
1536588391
1536589789
1536604194
1536606315
1536611778
1536625114
1536631172
1536638408
1536641829
1536643653
1536647578
1536648137
1536650828
1536655449
1536656998
1536658465
1536662698
1536665923
1536670791
1536673005
1536677574
1536684034
1536684252
1536685462
1536688808
1536696592
1536704798
1536707312
1536709390
1536714640
1536716057
1536720120
1536735940
1536738393
1536754629
1536763224
1536764903
1536765333
1536768340
1536777326
1536785720
1536786583
1536800806
1536815346
1536819652
1536821276
1536825635
1536825899
1536827941
1536828674
1536840828
1536843177
1536872286
1536875285
1536882733
1536882795
1536884290
1536901265
1536907119
1536911364
1536912967
1536937790
1536952832
1536956497
1536963168
1536969861
1536972088
1536986754
1536988771
1536989524
1536990273
1536995240
1537027973
1537028170
1537030471
1537059907
1537071409
1537079966
1537081822
1537087254
1537088681
1537089645
1537090489
1537098052
1537120225
1537121073
1537122594
1537130458
1537150521
1537152456
1537152480
1537166938
1537171566
1537173733
1537180724
1537203221
1537220913
1537229095
1537231523
1537234435
1537237542
1537250077
1537256334
1537285041
1537286188
1537287328
1537288123
1537289870
1537300640
1537305122
1537307500
1537309456
1537318087
1537323644
1537324982
1537345384
1537347540
1537360317
1537366390
1537367655
1537370904
1537372091
1537373748
1537383736
1537386787
1537387826
1537391033
1537392370
1537393428
1537400511
1537405844
1537408948
1537416204
1537418541
1537424042
1537429754
1537432676
1537436112
1537466543
1537467389
1537468691
1537471089
1537473165
1537477452
1537481022
1537481526
1537481571
1537482987
1537498966
1537499766
1537500837
1537512978
1537516011
1537519766
1537520097
1537520776
1537523347
1537527297
1537530879
1537532492
1537536348
1537537696
1537550608
1537552436
1537554838
1537561072
1537565225
1537567313
1537576265
1537578659
1537582227
1537583688
1537590452
1537602201
1537613529
1537631994
1537634113
1537648832
1537649823
1537652585
1537676238
1537681354
1537682570
1537692604
1537694364
1537695508
1537704851
1537705079
1537708076
1537736575
1537740049
1537748374
1537755258
1537762415
1537770991
1537772444
1537773990
1537775241
1537797620
1537803124
1537803926
1537807834
1537834088
1537847777
1537849073
1537851538
1537858122
1537869228
1537875429
1537888663
1537894353
1537908606
1537912992
1537919353
1537920088
1537925939
1537932543
1537935120
1537935883
1537951867
1537961468
1537968359
1537969725
1537972273
1537976136
1537981096
1537988355
1538000097
1538005787
1538008841
1538024829
1538026287
1538031870
1538035617
1538043984
1538045757
1538047619
1538057475
1538058693
1538062646
1538072344
1538096907
1538105318
1538106174
1538108302
1538120913
1538125424
1538127762
1538129841
1538136907
1538136926
1538141274
1538155079
1538163756
1538164960
1538165239
1538173829
1538174896
1538176338
1538185281
1538186263
1538188695
1538195025
1538205095
1538221412
1538225634
1538235351
1538238193
1538256349
1538281267
1538299131
1538302663
1538303146
1538310390
1538321492
1538323515
1538327452
1538342215
1538343799
1538350589
1538351237
1538352325
1538359314
1538365576
1538371581
1538373117
1538374101
1538391379
1538404155
1538416399
1538442260
1538451587
1538458521
1538460115
1538468302
1538473586
1538474880
1538475231
1538486978
1538489963
1538494933
1538509192
1538512333
1538539436
1538557754
1538568579
1538574224
1538581282
1538600160
1538610043
1538618845
1538627216
1538627295
1538628337
1538628908
1538630130
1538634273
1538635532
1538643402
1538661011
1538669294
1538675884
1538691077
1538693756
1538693907
1538694772
1538701928
1538703150
1538704206
1538713746
1538717933
1538725353
1538726336
1538730356
1538736580
1538742782
1538743832
1538744816
1538749831
1538754614
1538760708
1538762732
1538768601
1538771615
1538772339
1538778664
1538793160
1538794119
1538799154
1538803272
1538809643
1538824282
1538838143
1538839843
1538841068
1538846037
1538855630
1538863262
1538863964
1538872602
1538875124
1538875151
1538877266
1538882438
1538899593
1538903104
1538910216
1538913313
1538913551
1538915775
1538923025
1538937132
1538939182
1538942502
1538950564
1538958701
1538970285
1538971514
1538973289
1538980663
1538984378
1538984543
1538986147
1538993866
1538994184
1538997950
1539002346
1539004166
1539008838
1539010015
1539012221
1539016128
1539021208
1539023540
1539038736
1539041428
1539046736
1539049439
1539053173
1539072760
1539081025
1539086597
1539086669
1539107234
1539110083
1539111291
1539128796
1539140691
1539151900
1539155667
1539162729
1539163404
1539175666
1539186585
1539204545
1539215422
1539219450
1539244598
1539245204
1539248662
1539256123
1539256133
1539257070
1539284451
1539290076
1539295520
1539307015
1539316231
1539323412
1539323510
1539330420
1539334341
1539344555
1539347661
1539348697
1539351469
1539355153
1539361555
1539375634
1539378357
1539380836
1539385947
1539396304
1539396504
1539402145
1539407201
1539408682
1539411979
1539420833
1539421414
1539430594
1539431708
1539444176
1539446068
1539455152
1539455387
1539458980
1539460255
1539460303
1539493547
1539499301
1539508060
1539513493
1539513907
1539522980
1539537656
1539539309
1539557559
1539566090
1539566846
1539578906
1539579695
1539582075
1539595445
1539595607
1539597086
1539601860
1539604704
1539609060
1539613757
1539614040
1539616060
1539617151
1539657184
1539678824
1539684035
1539688282
1539730034
1539735347
1539736802
1539738268
1539777059
1539780593
1539781358
1539783143
1539787301
1539799250
1539815533
1539824261
1539833893
1539835016
1539835854
1539838472
1539852174
1539871125
1539874567
1539879814
1539881515
1539881699
1539888837
1539904429
1539909216
1539920863
1539934339
1539936261
1539947480
1539958660
1539963951
1539965460
1539971956
1539994391
1540000687
1540007461
1540020444
1540026787
1540034393
1540037251
1540043113
1540043420
1540044452
1540073219
1540075872
1540081440
1540086366
1540090853
1540099572
1540105588
1540108813
1540131081
1540132544
1540137143
1540137966
1540150844
1540152695
1540156187
1540178145
1540188503
1540189252
1540192366
1540192600
1540205136
1540209823
1540211799
1540214407
1540218979
1540243570
1540258540
1540272167
1540277706
1540286875
1540301147
1540313689
1540315608
1540334779
1540335334
1540339144
1540347599
1540347775
1540347999
1540366016
1540366101
1540380443
1540380455
1540383444
1540387074
1540390097
1540395349
1540420798
1540422266
1540439373
1540440892
1540442229
1540448327
1540449626
1540459970
1540470279
1540472274
1540480146
1540497970
1540499284
1540514422
1540517591
1540520140
1540523064
1540527135
1540530959
1540533140
1540537846
1540543031
1540543152
1540548165
1540557416
1540568526
1540576193
1540581732
1540593273
1540612639
1540620428
1540620450
1540626838
1540654928
1540677656
1540688385
1540704455
1540704603
1540707871
1540707883
1540714927
1540715685
1540720139
1540725925
1540732697
1540738402
1540750029
1540751699
1540761126
1540771560
1540772021
1540776281
1540782274
1540790275
1540801337
1540804035
1540833219
1540836801
1540842245
1540845909
1540847821
1540849218
1540865422
1540875002
1540876764
1540880404
1540881565
1540883965
1540883991
1540891906
1540900877
1540903601
1540910620
1540911613
1540914739
1540918204
1540937597
1540937967
1540943779
1540946549
1540950308
1540954784
1540963210
1540963253
1540966390
1540968554
1540973073
1540973571
1540978403
1540994313
1540994955
1541008067
1541012416
1541013946
1541015445
1541030671
1541033369
1541034873
1541047945
1541048490
1541050777
1541059146
1541071491
1541075444
1541077227
1541077624
1541085601
1541094213
1541098917
1541099367
1541112653
1541119558
1541120667
1541125966
1541128888
1541131529
1541135963
1541138747
1541143048
1541144040
1541166764
1541171514
1541172126
1541179994
1541192731
1541197184
1541198215
1541199225
1541214935
1541217068
1541222011
1541229931
1541233915
1541237401
1541250352
1541264955
1541272011
1541275807
1541280462
1541282334
1541286256
1541290135
1541312438
1541316562
1541317417
1541325149
1541342906
1541344011
1541344482
1541347046
1541353323
1541365080
1541367490
1541370502
1541377051
1541382179
1541384983
1541391756
1541399476
1541412228
1541417722
1541417735
1541430137
1541433192
1541441020
1541443489
1541450219
1541451754
1541451803
1541452824
1541462984
1541463730
1541464581
1541467240
1541468452
1541471107
1541473268
1541477159
1541481649
1541481879
1541481960
1541486209
1541487065
1541487526
1541488218
1541489184
1541489451
1541496718
1541515501
1541520758
1541524024
1541527284
1541533652
1541544086
1541555003
1541558138
1541570641
1541574979
1541575805
1541589268
1541589509
1541589593
1541593038
1541597793
1541598192
1541598242
1541625305
1541627571
1541632607
1541640206
1541641186
1541641976
1541645732
1541653434
1541670441
1541676499
1541684563
1541688492
1541694130
1541699263
1541701223
1541708898
1541711932
1541718043
1541718778
1541724164
1541724868
1541728886
1541744547
1541751861
1541759806
1541771286
1541771360
1541773679
1541774514
1541776472
1541779499
1541780229
1541795077
1541819822
1541828196
1541830264
1541833876
1541842015
1541844739
1541846324
1541848127
1541853887
1541854779
1541862210
1541866375
1541880389
1541898477
1541901373
1541901616
1541902311
1541904148
1541909149
1541917154
1541917444
1541921219
1541928103
1541930091
1541930175
1541936035
1541936573
1541950862
1541956413
1541964810
1541965036
1541970300
1541986987
1541994357
1541996797
1542002264
1542012084
1542020902
1542084240
1542089027
1542109559
1542110652
1542131768
1542144157
1542149634
1542149932
1542159217
1542176233
1542177137
1542186299
1542209610
1542209628
1542216159
1542227233
1542238843
1542248472
1542253056
1542254265
1542267953
1542269974
1542280551
1542294090
1542294646
1542298853
1542309162
1542312372
1542315746
1542319526
1542330076
1542334253
1542340701
1542342807
1542344431
1542353831
1542357295
1542365126
1542377203
1542379268
1542380940
1542386334
1542391300
1542393753
1542394971
1542409064
1542411653
1542412420
1542419579
1542421470
1542424060
1542432240
1542434821
1542440790
1542445477
1542456623
1542463150
1542467243
1542474583
1542475746
1542480345
1542486367
1542486800
1542488447
1542493676
1542496227
1542499782
1542507275
1542509625
1542511519
1542514808
1542515129
1542519443
1542520102
1542528318
1542529273
1542531170
1542541638
1542542730
1542546657
1542560679
1542565443
1542567473
1542571066
1542571358
1542576869
1542581991
1542584638
1542586235
1542588118
1542589767
1542597975
1542602574
1542603595
1542605337
1542608597
1542614237
1542626485
1542626687
1542628662
1542640143
1542643846
1542647341
1542651510
1542652804
1542660577
1542665813
1542668071
1542679540
1542684551
1542684728
1542685418
1542690620
1542699200
1542708435
1542711423
1542712009
1542712324
1542723142
1542733745
1542735007
1542739953
1542740418
1542742912
1542761615
1542762364
1542768782
1542770547
1542777781
1542790008
1542790185
1542793739
1542794886
1542802716
1542808075
1542814609
1542834031
1542839803
1542845300
1542865261
1542868293
1542869506
1542869559
1542871654
1542875957
1542878237
1542888115
1542893330
1542913588
1542914228
1542915106
1542916823
1542920832
1542923599
1542934685
1542936141
1542940923
1542974628
1542974776
1542975857
1542977698
1542990405
1542996520
1542996571
1543001115
1543004214
1543067708
1543071480
1543071708
1543081649
1543090826
1543091448
1543091664
1543095243
1543098390
1543112333
1543119974
1543126850
1543131125
1543134110
1543140871
1543143376
1543149213
1543150370
1543161997
1543166548
1543180425
1543186792
1543188279
1543189158
1543189255
1543195831
1543203447
1543209797
1543215182
1543224989
1543226753
1543228035
1543240719
1543244687
1543255304
1543255929
1543258736
1543263303
1543264574
1543266087
1543267747
1543275502
1543299997
1543301417
1543306407
1543310264
1543310265
1543318175
1543318254
1543320486
1543324540
1543326241
1543326519
1543334447
1543339875
1543347400
1543348274
1543348460
1543350564
1543366166
1543370290
1543373249
1543374958
1543376549
1543377618
1543389782
1543389811
1543393542
1543400915
1543404775
1543416290
1543421146
1543422042
1543425298
1543427013
1543430666
1543437889
1543442676
1543443584
1543445934
1543451497
1543452765
1543454102
1543456090
1543471327
1543471830
1543473063
1543476806
1543490827
1543497978
1543504062
1543509123
1543510945
1543517359
1543541851
1543542773
1543544632
1543545007
1543564886
1543567730
1543568143
1543572856
1543575675
1543590047
1543592675
1543598500
1543602553
1543608665
1543612984
1543618107
1543625309
1543630704
1543631505
1543638013
1543645043
1543646472
1543683457
1543685135
1543688345
1543688717
1543692462
1543694512
1543703813
1543703960
1543705668
1543707465
1543710278
1543712376
1543723615
1543730049
1543730255
1543737440
1543737623
1543742895
1543750430
1543753885
1543755756
1543767847
1543783628
1543788655
1543790440
1543792080
1543795013
1543797013
1543801633
1543811368
1543812919
1543828333
1543838839
1543840314
1543849255
1543860187
1543872329
1543889279
1543890017
1543894291
1543895523
1543895933
1543903672
1543904553
1543905838
1543909397
1543924136
1543925159
1543932595
1543934519
1543935867
1543938015
1543944628
1543946766
1543981498
1543986699
1543988464
1543995036
1543997655
1544005045
1544011452
1544011530
1544013014
1544016935
1544017182
1544018424
1544029573
1544032125
1544051356
1544052733
1544060417
1544066989
1544079913
1544085771
1544087850
1544096656
1544096724
1544099409
1544099681
1544100449
1544102685
1544109751
1544118466
1544118926
1544149369
1544152709
1544160404
1544207140
1544208334
1544209797
1544214780
1544225752
1544233052
1544233619
1544234730
1544235552
1544238472
1544245645
1544258949
1544259590
1544270038
1544284973
1544293062
1544293594
1544301110
1544302105
1544325612
1544326783
1544344370
1544348897
1544373734
1544390260
1544392976
1544393453
1544395692
1544397483
1544412604
1544414918
1544416867
1544418547
1544418981
1544422887
1544424842
1544428290
1544434535
1544436149
1544449195
1544454001
1544457134
1544457327
1544462005
1544481915
1544484817
1544486919
1544496050
1544504218
1544506604
1544508880
1544509814
1544519497
1544528970
1544533911
1544566265
1544568054
1544571860
1544591468
1544591767
1544595938
1544596430
1544605877
1544616037
1544624805
1544629138
1544631945
1544641918
1544642621
1544649853
1544654033
1544661840
1544662528
1544667106
1544669026
1544672519
1544678582
1544682731
1544685726
1544687415
1544690795
1544700563
1544711459
1544717541
1544717689
1544730120
1544731242
1544740335
1544746007
1544756647
1544767632
1544777743
1544780076
1544791925
1544804947
1544806096
1544806403
1544823017
1544826226
1544830776
1544842012
1544847551
1544855653
1544858553
1544874732
1544884712
1544899075
1544901671
1544911182
1544920248
1544929707
1544931409
1544932068
1544933470
1544933804
1544934214
1544947213
1544954441
1544955491
1544957899
1544959937
1544962088
1544964050
1544966631
1544984020
1544985049
1544985861
1544997046
1544999274
1545015953
1545031070
1545031558
1545038732
1545044696
1545044859
1545049996
1545050585
1545051443
1545052336
1545054513
1545054929
1545055764
1545058429
1545065235
1545072434
1545075132
1545089025
1545089529
1545098400
1545107481
1545113410
1545133370
1545137044
1545139794
1545145232
1545149102
1545152324
1545167886
1545200987
1545204876
1545210078
1545216029
1545238026
1545245377
1545247335
1545248706
1545249785
1545250957
1545258994
1545265053
1545276841
1545280990
1545283155
1545285523
1545298637
1545298949
1545309623
1545313014
1545315215
1545316912
1545318064
1545324447
1545325963
1545327869
1545335717
1545342255
1545344489
1545381867
1545389679
1545399876
1545402312
1545404574
1545406695
1545407350
1545409674
1545411848
1545426957
1545435512
1545442678
1545452768
1545469281
1545472732
1545480760
1545484621
1545488162
1545490340
1545496249
1545497817
1545520572
1545521226
1545525686
1545528509
1545530852
1545536020
1545536407
1545542757
1545546913
1545549348
1545552995
1545558431
1545566823
1545570144
1545578394
1545584443
1545590588
1545601842
1545602860
1545604194
1545604633
1545609163
1545620156
1545637549
1545644661
1545646825
1545647246
1545653875
1545654404
1545662593
1545677552
1545683076
1545684791
1545695978
1545701387
1545715515
1545715657
1545717026
1545732312
1545735355
1545736030
1545739056
1545740628
1545752858
1545754789
1545754990
1545759174
1545767655
1545772562
1545775363
1545794975
1545801009
1545803301
1545803434
1545810264
1545812563
1545822950
1545839546
1545856619
1545863317
1545867441
1545875439
1545878428
1545887445
1545890332
1545891192
1545892939
1545893442
1545896083
1545904141
1545915856
1545926429
1545927746
1545931971
1545936269
1545941782
1545944566
1545946926
1545952230
1545958444
1545962755
1545968638
1545968998
1545969896
1545971409
1545972293
1545973572
1545976082
1545993174
1545996511
1545996629
1546008888
1546018838
1546030890
1546033064
1546037615
1546040347
1546046807
1546057426
1546075007
1546075934
1546085193
1546087689
1546089753
1546095450
1546097099
1546102121
1546114521
1546114966
1546115374
1546115603
1546117848
1546124924
1546141175
1546144471
1546154285
1546166336
1546175488
1546178144
1546185254
1546192651
1546216644
1546221932
1546224418
1546226355
1546230738
1546248921
1546255357
1546257261
1546274088
1546296781
1546298668
1546306747
1546327310
1546334473
1546335365
1546350355
1546360006
1546361242
1546363487
1546369084
1546369435
1546377659
1546382033
1546385072
1546387077
1546389421
1546390512
1546392566
1546402228
1546406837
1546413462
1546418820
1546424671
1546424721
1546435553
1546438870
1546442190
1546442586
1546459104
1546459896
1546463762
1546464375
1546465345
1546468968
1546472207
1546475763
1546480071
1546492101
1546492508
1546496309
1546505537
1546507318
1546514207
1546519823
1546539760
1546548720
1546552469
1546563092
1546563753
1546574599
1546615321
1546619148
1546630413
1546652268
1546661569
1546662428
1546673986
1546683624
1546684265
1546688019
1546688316
1546710735
1546712871
1546728571
1546734782
1546737946
1546741742
1546747683
1546749250
1546749633
1546749656
1546751991
1546765750
1546775991
1546782812
1546785338
1546789001
1546838590
1546848343
1546852202
1546859153
1546865797
1546871949
1546872274
1546872585
1546874746
1546888882
1546892257
1546897150
1546904154
1546912100
1546930833
1546953143
1546953265
1546954975
1546961067
1546963837
1546965123
1546989608
1546998490
1547001076
1547015562
1547027231
1547028063
1547033917
1547034210
1547049119
1547051126
1547058392
1547063881
1547068875
1547088959
1547098060
1547098119
1547109455
1547122273
1547124575
1547148603
1547152913
1547161792
1547169885
1547172701
1547172788
1547173273
1547185831
1547188091
1547196054
1547202914
1547221298
1547224527
1547240415
1547243372
1547253639
1547259524
1547260451
1547264457
1547268120
1547270395
1547284650
1547292422
1547296150
1547298893
1547305830
1547308496
1547314302
1547316450
1547324223
1547325645
1547345574
1547347697
1547348462
1547359708
1547363096
1547372266
1547386626
1547403597
1547407731
1547408273
1547411979
1547415196
1547415619
1547426077
1547430501
1547435790
1547440365
1547441488
1547442581
1547446142
1547448720
1547448953
1547457940
1547464082
1547470364
1547481542
1547483996
1547489392
1547514278
1547525468
1547528229
1547530310
1547543947
1547553092
1547562098
1547569614
1547573086
1547621223
1547636609
1547657833
1547661822
1547681209
1547694312
1547703489
1547711636
1547713256
1547713582
1547719681
1547731941
1547733073
1547733366
1547734120
1547734985
1547739305
1547744323
1547745868
1547754212
1547763805
1547766586
1547780413
1547783994
1547785200
1547785334
1547791652
1547792598
1547799423
1547804332
1547810115
1547816964
1547829126
1547830760
1547835104
1547839651
1547852004
1547852108
1547865033
1547867474
1547869809
1547895022
1547899163
1547902690
1547909700
1547925869
1547943834
1547961388
1547973262
1547975135
1547984692
1547989404
1547992473
1547995158
1548001131
1548010252
1548012049
1548031560
1548036967
1548043300
1548044160
1548045456
1548064248
1548066084
1548066738
1548070625
1548073126
1548073857
1548076594
1548077468
1548080951
1548091279
1548093164
1548112332
1548117757
1548127331
1548152123
1548155040
1548160121
1548170063
1548172394
1548174060
1548175249
1548178692
1548179228
1548184364
1548188375
1548194246
1548199261
1548201122
1548207378
1548210352
1548229440
1548242395
1548247598
1548254267
1548282895
1548284002
1548301547
1548309519
1548314743
1548318432
1548344540
1548349693
1548357244
1548360135
1548364445
1548367613
1548371784
1548379638
1548386055
1548386405
1548389020
1548393985
1548398973
1548412612
1548412932
1548414125
1548425673
1548429669
1548433980
1548434801
1548435098
1548455501
1548457792
1548461597
1548462919
1548469848
1548481727
1548485845
1548488996
1548528340
1548536987
1548539405
1548544195
1548549003
1548557789
1548567631
1548571157
1548571473
1548605140
1548617427
1548642378
1548651383
1548653952
1548657823
1548658853
1548668850
1548672337
1548673096
1548680370
1548686128
1548687646
1548697741
1548699727
1548702642
1548702751
1548706131
1548712345
1548725628
1548727084
1548748797
1548756515
1548760031
1548760962
1548804866
1548806895
1548815757
1548817275
1548844799
1548848090
1548850123
1548858200
1548863963
1548868656
1548879188
1548879275
1548880931
1548883982
1548890567
1548894518
1548902063
1548915221
1548915796
1548951324
1548959884
1548962009
1548966737
1548988509
1548989273
1548999968
1549002112
1549022606
1549027128
1549040662
1549044324
1549048024
1549050664
1549058099
1549061446
1549065472
